73326048 18331512 6110504
73326048 18331512 6110504
73326048 18331512 6110504
73326048 18331512 6110504
73326048 18331512 6110504
73326048 18331512 6110504
73326048 18331512 6110504
73326048 18331512 6110504
73326048 18331512 6110504
73326048 18331512 6110504
73326048 18331512 6110504
73326048 18331512 6110504
73326048 18331512 6110504
73326048 18331512 6110504
73326048 18331512 6110504
73326048 18331512 6110504
73326048 18331512 6110504
73326048 18331512 6110504
73326048 18331512 6110504
73326048 18331512 6110504
73326048 18331512 6110504
73326048 18331512 6110504
73326048 18331512 6110504
73326048 18331512 6110504
73326048 18331512 6110504
73326048 18331512 6110504
73326048 18331512 6110504
73326048 18331512 6110504
73326048 18331512 6110504
73326048 18331512 6110504
73326048 18331512 6110504
73326048 18331512 6110504
73326048 18331512 6110504
73326048 18331512 6110504
73326048 18331512 6110504
73326048 18331512 6110504
73326048 18331512 6110504
73326048 18331512 6110504
73326048 18331512 6110504
73326048 18331512 6110504
73326048 18331512 6110504
73326048 18331512 6110504
73326048 18331512 6110504
73326048 18331512 6110504
73326048 18331512 6110504
73326048 18331512 6110504
73326048 18331512 6110504
73326048 18331512 6110504
73326048 18331512 6110504
73326048 18331512 6110504
73326048 18331512 6110504
73326048 18331512 6110504
73326048 18331512 6110504
73326048 18331512 6110504
73326048 18331512 6110504
73326048 18331512 6110504
73326048 18331512 6110504
73326048 18331512 6110504
73326048 18331512 6110504
73326048 18331512 6110504
73326048 18331512 6110504
73326048 18331512 6110504
73326048 18331512 6110504
73326048 18331512 6110504
73326048 18331512 6110504
73326048 18331512 6110504
73326048 18331512 6110504
73326048 18331512 6110504
73326048 18331512 6110504
73326048 18331512 6110504
73326048 18331512 6110504
73326048 18331512 6110504
73326048 18331512 6110504
73326048 18331512 6110504
73326048 18331512 6110504
73326048 18331512 6110504
73326048 18331512 6110504
73326048 18331512 6110504
73326048 18331512 6110504
73326048 18331512 6110504
73326048 18331512 6110504
73326048 18331512 6110504
73326048 18331512 6110504
73326048 18331512 6110504
73326048 18331512 6110504
73326048 18331512 6110504
73326048 18331512 6110504
73326048 18331512 6110504
73326048 18331512 6110504
73326048 18331512 6110504
Time: 0.034114
73326048 18331512 6110504
73326048 18331512 6110504
73326048 18331512 6110504
73326048 18331512 6110504
73326048 18331512 6110504
73326048 18331512 6110504
73326048 18331512 6110504
73326048 18331512 6110504
73326048 18331512 6110504
73326048 18331512 6110504
Time: 0.033843
Time: 0.034411
Time: 0.033867
Time: 0.033917
Time: 0.033701
Time: 0.033769
Time: 0.033896
Time: 0.034524
Time: 0.033576
17640000 4410000 1470000
17640000 4410000 1470000
17640000 4410000 1470000
17640000 4410000 1470000
17640000 4410000 1470000
17640000 4410000 1470000
17640000 4410000 1470000
17640000 4410000 1470000
17640000 4410000 1470000
17640000 4410000 1470000
Time: 0.007538
17640000 4410000 1470000
17640000 4410000 1470000
17640000 4410000 1470000
17640000 4410000 1470000
17640000 4410000 1470000
17640000 4410000 1470000
17640000 4410000 1470000
17640000 4410000 1470000
17640000 4410000 1470000
17640000 4410000 1470000
Time: 0.007547
17640000 4410000 1470000
17640000 4410000 1470000
17640000 4410000 1470000
17640000 4410000 1470000
17640000 4410000 1470000
17640000 4410000 1470000
17640000 4410000 1470000
17640000 4410000 1470000
17640000 4410000 1470000
17640000 4410000 1470000
Time: 0.007450
17640000 4410000 1470000
17640000 4410000 1470000
17640000 4410000 1470000
17640000 4410000 1470000
17640000 4410000 1470000
17640000 4410000 1470000
17640000 4410000 1470000
17640000 4410000 1470000
17640000 4410000 1470000
17640000 4410000 1470000
Time: 0.007454
17640000 4410000 1470000
17640000 4410000 1470000
17640000 4410000 1470000
17640000 4410000 1470000
17640000 4410000 1470000
17640000 4410000 1470000
17640000 4410000 1470000
17640000 4410000 1470000
17640000 4410000 1470000
17640000 4410000 1470000
Time: 0.007399
17640000 4410000 1470000
17640000 4410000 1470000
17640000 4410000 1470000
17640000 4410000 1470000
17640000 4410000 1470000
17640000 4410000 1470000
17640000 4410000 1470000
17640000 4410000 1470000
17640000 4410000 1470000
17640000 4410000 1470000
Time: 0.007384
17640000 4410000 1470000
17640000 4410000 1470000
17640000 4410000 1470000
17640000 4410000 1470000
17640000 4410000 1470000
17640000 4410000 1470000
17640000 4410000 1470000
17640000 4410000 1470000
17640000 4410000 1470000
17640000 4410000 1470000
17640000 4410000 1470000
17640000 4410000 1470000
17640000 4410000 1470000
17640000 4410000 1470000
17640000 4410000 1470000
17640000 4410000 1470000
17640000 4410000 1470000
17640000 4410000 1470000
17640000 4410000 1470000
17640000 4410000 1470000
Time: 0.007626
Time: 0.007442
17640000 4410000 1470000
17640000 4410000 1470000
17640000 4410000 1470000
17640000 4410000 1470000
17640000 4410000 1470000
17640000 4410000 1470000
17640000 4410000 1470000
17640000 4410000 1470000
17640000 4410000 1470000
17640000 4410000 1470000
17640000 4410000 1470000
17640000 4410000 1470000
17640000 4410000 1470000
17640000 4410000 1470000
17640000 4410000 1470000
17640000 4410000 1470000
17640000 4410000 1470000
17640000 4410000 1470000
17640000 4410000 1470000
17640000 4410000 1470000
Time: 0.007597
Time: 0.007450
1276800 319200 106400
1276800 319200 106400
1276800 319200 106400
1276800 319200 106400
1276800 319200 106400
1276800 319200 106400
1276800 319200 106400
1276800 319200 106400
1276800 319200 106400
1276800 319200 106400
Time: 0.000532
1276800 319200 106400
1276800 319200 106400
1276800 319200 106400
1276800 319200 106400
1276800 319200 106400
1276800 319200 106400
1276800 319200 106400
1276800 319200 106400
1276800 319200 106400
1276800 319200 106400
Time: 0.000533
1276800 319200 106400
1276800 319200 106400
1276800 319200 106400
1276800 319200 106400
1276800 319200 106400
1276800 319200 106400
1276800 319200 106400
1276800 319200 106400
1276800 319200 106400
1276800 319200 106400
Time: 0.000535
1276800 319200 106400
1276800 319200 106400
1276800 319200 106400
1276800 319200 106400
1276800 319200 106400
1276800 319200 106400
1276800 319200 106400
1276800 319200 106400
1276800 319200 106400
1276800 319200 106400
Time: 0.000535
1276800 319200 106400
1276800 319200 106400
1276800 319200 106400
1276800 319200 106400
1276800 319200 106400
1276800 319200 106400
1276800 319200 106400
1276800 319200 106400
1276800 319200 106400
1276800 319200 106400
Time: 0.000538
1276800 319200 106400
1276800 319200 106400
1276800 319200 106400
1276800 319200 106400
1276800 319200 106400
1276800 319200 106400
1276800 319200 106400
1276800 319200 106400
1276800 319200 106400
1276800 319200 106400
Time: 0.000544
1276800 319200 106400
1276800 319200 106400
1276800 319200 106400
1276800 319200 106400
1276800 319200 106400
1276800 319200 106400
1276800 319200 106400
1276800 319200 106400
1276800 319200 106400
1276800 319200 106400
Time: 0.000563
1276800 319200 106400
1276800 319200 106400
1276800 319200 106400
1276800 319200 106400
1276800 319200 106400
1276800 319200 106400
1276800 319200 106400
1276800 319200 106400
1276800 319200 106400
1276800 319200 106400
Time: 0.000539
1276800 319200 106400
1276800 319200 106400
1276800 319200 106400
1276800 319200 106400
1276800 319200 106400
1276800 319200 106400
1276800 319200 106400
1276800 319200 106400
1276800 319200 106400
1276800 319200 106400
Time: 0.000535
1276800 319200 106400
1276800 319200 106400
1276800 319200 106400
1276800 319200 106400
1276800 319200 106400
1276800 319200 106400
1276800 319200 106400
1276800 319200 106400
1276800 319200 106400
1276800 319200 106400
Time: 0.000527
39108168 9777042 3259014
39108168 9777042 3259014
39108168 9777042 3259014
39108168 9777042 3259014
39108168 9777042 3259014
39108168 9777042 3259014
39108168 9777042 3259014
39108168 9777042 3259014
39108168 9777042 3259014
39108168 9777042 3259014
39108168 9777042 3259014
39108168 9777042 3259014
39108168 9777042 3259014
39108168 9777042 3259014
39108168 9777042 3259014
39108168 9777042 3259014
39108168 9777042 3259014
39108168 9777042 3259014
39108168 9777042 3259014
39108168 9777042 3259014
39108168 9777042 3259014
39108168 9777042 3259014
39108168 9777042 3259014
39108168 9777042 3259014
39108168 9777042 3259014
39108168 9777042 3259014
39108168 9777042 3259014
39108168 9777042 3259014
39108168 9777042 3259014
39108168 9777042 3259014
Time: 0.016363
Time: 0.016271
Time: 0.016227
39108168 9777042 3259014
39108168 9777042 3259014
39108168 9777042 3259014
39108168 9777042 3259014
39108168 9777042 3259014
39108168 9777042 3259014
39108168 9777042 3259014
39108168 9777042 3259014
39108168 9777042 3259014
39108168 9777042 3259014
39108168 9777042 3259014
39108168 9777042 3259014
39108168 9777042 3259014
39108168 9777042 3259014
39108168 9777042 3259014
39108168 9777042 3259014
39108168 9777042 3259014
39108168 9777042 3259014
39108168 9777042 3259014
39108168 9777042 3259014
39108168 9777042 3259014
39108168 9777042 3259014
39108168 9777042 3259014
39108168 9777042 3259014
39108168 9777042 3259014
39108168 9777042 3259014
39108168 9777042 3259014
39108168 9777042 3259014
39108168 9777042 3259014
39108168 9777042 3259014
Time: 0.016673
Time: 0.019122
Time: 0.016246
39108168 9777042 3259014
39108168 9777042 3259014
39108168 9777042 3259014
39108168 9777042 3259014
39108168 9777042 3259014
39108168 9777042 3259014
39108168 9777042 3259014
39108168 9777042 3259014
39108168 9777042 3259014
39108168 9777042 3259014
39108168 9777042 3259014
39108168 9777042 3259014
39108168 9777042 3259014
39108168 9777042 3259014
39108168 9777042 3259014
39108168 9777042 3259014
39108168 9777042 3259014
39108168 9777042 3259014
39108168 9777042 3259014
39108168 9777042 3259014
Time: 0.016388
Time: 0.016386
39108168 9777042 3259014
39108168 9777042 3259014
39108168 9777042 3259014
39108168 9777042 3259014
39108168 9777042 3259014
39108168 9777042 3259014
39108168 9777042 3259014
39108168 9777042 3259014
39108168 9777042 3259014
39108168 9777042 3259014
Time: 0.016486
39108168 9777042 3259014
39108168 9777042 3259014
39108168 9777042 3259014
39108168 9777042 3259014
39108168 9777042 3259014
39108168 9777042 3259014
39108168 9777042 3259014
39108168 9777042 3259014
39108168 9777042 3259014
39108168 9777042 3259014
Time: 0.016167
36971400 9242850 3080950
36971400 9242850 3080950
36971400 9242850 3080950
36971400 9242850 3080950
36971400 9242850 3080950
36971400 9242850 3080950
36971400 9242850 3080950
36971400 9242850 3080950
36971400 9242850 3080950
36971400 9242850 3080950
36971400 9242850 3080950
36971400 9242850 3080950
36971400 9242850 3080950
36971400 9242850 3080950
36971400 9242850 3080950
36971400 9242850 3080950
36971400 9242850 3080950
36971400 9242850 3080950
36971400 9242850 3080950
36971400 9242850 3080950
36971400 9242850 3080950
36971400 9242850 3080950
36971400 9242850 3080950
36971400 9242850 3080950
36971400 9242850 3080950
36971400 9242850 3080950
36971400 9242850 3080950
36971400 9242850 3080950
36971400 9242850 3080950
36971400 9242850 3080950
Time: 0.014640
Time: 0.014642
36971400 9242850 3080950
36971400 9242850 3080950
36971400 9242850 3080950
36971400 9242850 3080950
36971400 9242850 3080950
36971400 9242850 3080950
36971400 9242850 3080950
36971400 9242850 3080950
36971400 9242850 3080950
36971400 9242850 3080950
Time: 0.014697
Time: 0.014571
36971400 9242850 3080950
36971400 9242850 3080950
36971400 9242850 3080950
36971400 9242850 3080950
36971400 9242850 3080950
36971400 9242850 3080950
36971400 9242850 3080950
36971400 9242850 3080950
36971400 9242850 3080950
36971400 9242850 3080950
Time: 0.014629
36971400 9242850 3080950
36971400 9242850 3080950
36971400 9242850 3080950
36971400 9242850 3080950
36971400 9242850 3080950
36971400 9242850 3080950
36971400 9242850 3080950
36971400 9242850 3080950
36971400 9242850 3080950
36971400 9242850 3080950
Time: 0.014860
36971400 9242850 3080950
36971400 9242850 3080950
36971400 9242850 3080950
36971400 9242850 3080950
36971400 9242850 3080950
36971400 9242850 3080950
36971400 9242850 3080950
36971400 9242850 3080950
36971400 9242850 3080950
36971400 9242850 3080950
36971400 9242850 3080950
36971400 9242850 3080950
36971400 9242850 3080950
36971400 9242850 3080950
36971400 9242850 3080950
36971400 9242850 3080950
36971400 9242850 3080950
36971400 9242850 3080950
36971400 9242850 3080950
36971400 9242850 3080950
Time: 0.014618
Time: 0.014511
36971400 9242850 3080950
36971400 9242850 3080950
36971400 9242850 3080950
36971400 9242850 3080950
36971400 9242850 3080950
36971400 9242850 3080950
36971400 9242850 3080950
36971400 9242850 3080950
36971400 9242850 3080950
36971400 9242850 3080950
36971400 9242850 3080950
36971400 9242850 3080950
36971400 9242850 3080950
36971400 9242850 3080950
36971400 9242850 3080950
36971400 9242850 3080950
36971400 9242850 3080950
36971400 9242850 3080950
36971400 9242850 3080950
36971400 9242850 3080950
Time: 0.014646
Time: 0.014725
31090380 7772595 2590865
31090380 7772595 2590865
31090380 7772595 2590865
31090380 7772595 2590865
31090380 7772595 2590865
31090380 7772595 2590865
31090380 7772595 2590865
31090380 7772595 2590865
31090380 7772595 2590865
31090380 7772595 2590865
31090380 7772595 2590865
31090380 7772595 2590865
31090380 7772595 2590865
31090380 7772595 2590865
31090380 7772595 2590865
31090380 7772595 2590865
31090380 7772595 2590865
31090380 7772595 2590865
31090380 7772595 2590865
31090380 7772595 2590865
Time: 0.013150
Time: 0.013083
31090380 7772595 2590865
31090380 7772595 2590865
31090380 7772595 2590865
31090380 7772595 2590865
31090380 7772595 2590865
31090380 7772595 2590865
31090380 7772595 2590865
31090380 7772595 2590865
31090380 7772595 2590865
31090380 7772595 2590865
Time: 0.013182
31090380 7772595 2590865
31090380 7772595 2590865
31090380 7772595 2590865
31090380 7772595 2590865
31090380 7772595 2590865
31090380 7772595 2590865
31090380 7772595 2590865
31090380 7772595 2590865
31090380 7772595 2590865
31090380 7772595 2590865
Time: 0.013109
31090380 7772595 2590865
31090380 7772595 2590865
31090380 7772595 2590865
31090380 7772595 2590865
31090380 7772595 2590865
31090380 7772595 2590865
31090380 7772595 2590865
31090380 7772595 2590865
31090380 7772595 2590865
31090380 7772595 2590865
31090380 7772595 2590865
31090380 7772595 2590865
31090380 7772595 2590865
31090380 7772595 2590865
31090380 7772595 2590865
31090380 7772595 2590865
31090380 7772595 2590865
31090380 7772595 2590865
31090380 7772595 2590865
31090380 7772595 2590865
Time: 0.013197
Time: 0.013146
31090380 7772595 2590865
31090380 7772595 2590865
31090380 7772595 2590865
31090380 7772595 2590865
31090380 7772595 2590865
31090380 7772595 2590865
31090380 7772595 2590865
31090380 7772595 2590865
31090380 7772595 2590865
31090380 7772595 2590865
Time: 0.013125
31090380 7772595 2590865
31090380 7772595 2590865
31090380 7772595 2590865
31090380 7772595 2590865
31090380 7772595 2590865
31090380 7772595 2590865
31090380 7772595 2590865
31090380 7772595 2590865
31090380 7772595 2590865
31090380 7772595 2590865
Time: 0.013254
31090380 7772595 2590865
31090380 7772595 2590865
31090380 7772595 2590865
31090380 7772595 2590865
31090380 7772595 2590865
31090380 7772595 2590865
31090380 7772595 2590865
31090380 7772595 2590865
31090380 7772595 2590865
31090380 7772595 2590865
31090380 7772595 2590865
31090380 7772595 2590865
31090380 7772595 2590865
31090380 7772595 2590865
31090380 7772595 2590865
31090380 7772595 2590865
31090380 7772595 2590865
31090380 7772595 2590865
31090380 7772595 2590865
31090380 7772595 2590865
Time: 0.013300
Time: 0.013136
72000000 18000000 6000000
72000000 18000000 6000000
72000000 18000000 6000000
72000000 18000000 6000000
72000000 18000000 6000000
72000000 18000000 6000000
72000000 18000000 6000000
72000000 18000000 6000000
72000000 18000000 6000000
72000000 18000000 6000000
Time: 0.030378
72000000 18000000 6000000
72000000 18000000 6000000
72000000 18000000 6000000
72000000 18000000 6000000
72000000 18000000 6000000
72000000 18000000 6000000
72000000 18000000 6000000
72000000 18000000 6000000
72000000 18000000 6000000
72000000 18000000 6000000
Time: 0.030566
72000000 18000000 6000000
72000000 18000000 6000000
72000000 18000000 6000000
72000000 18000000 6000000
72000000 18000000 6000000
72000000 18000000 6000000
72000000 18000000 6000000
72000000 18000000 6000000
72000000 18000000 6000000
72000000 18000000 6000000
72000000 18000000 6000000
72000000 18000000 6000000
72000000 18000000 6000000
72000000 18000000 6000000
72000000 18000000 6000000
72000000 18000000 6000000
72000000 18000000 6000000
72000000 18000000 6000000
72000000 18000000 6000000
72000000 18000000 6000000
Time: 0.030996
72000000 18000000 6000000
72000000 18000000 6000000
72000000 18000000 6000000
72000000 18000000 6000000
72000000 18000000 6000000
72000000 18000000 6000000
72000000 18000000 6000000
72000000 18000000 6000000
72000000 18000000 6000000
72000000 18000000 6000000
Time: 0.044363
72000000 18000000 6000000
72000000 18000000 6000000
72000000 18000000 6000000
72000000 18000000 6000000
72000000 18000000 6000000
72000000 18000000 6000000
72000000 18000000 6000000
72000000 18000000 6000000
72000000 18000000 6000000
72000000 18000000 6000000
Time: 0.032600
72000000 18000000 6000000
72000000 18000000 6000000
72000000 18000000 6000000
72000000 18000000 6000000
72000000 18000000 6000000
72000000 18000000 6000000
72000000 18000000 6000000
72000000 18000000 6000000
72000000 18000000 6000000
72000000 18000000 6000000
Time: 0.032596
72000000 18000000 6000000
72000000 18000000 6000000
72000000 18000000 6000000
72000000 18000000 6000000
72000000 18000000 6000000
72000000 18000000 6000000
72000000 18000000 6000000
72000000 18000000 6000000
72000000 18000000 6000000
72000000 18000000 6000000
Time: 0.038878
Time: 0.033823
72000000 18000000 6000000
72000000 18000000 6000000
72000000 18000000 6000000
72000000 18000000 6000000
72000000 18000000 6000000
72000000 18000000 6000000
72000000 18000000 6000000
72000000 18000000 6000000
72000000 18000000 6000000
72000000 18000000 6000000
72000000 18000000 6000000
72000000 18000000 6000000
72000000 18000000 6000000
72000000 18000000 6000000
72000000 18000000 6000000
72000000 18000000 6000000
72000000 18000000 6000000
72000000 18000000 6000000
72000000 18000000 6000000
72000000 18000000 6000000
Time: 0.033765
Time: 0.032421
136323072 34080768 11360256
136323072 34080768 11360256
136323072 34080768 11360256
136323072 34080768 11360256
136323072 34080768 11360256
136323072 34080768 11360256
136323072 34080768 11360256
136323072 34080768 11360256
136323072 34080768 11360256
136323072 34080768 11360256
136323072 34080768 11360256
136323072 34080768 11360256
136323072 34080768 11360256
136323072 34080768 11360256
136323072 34080768 11360256
136323072 34080768 11360256
136323072 34080768 11360256
136323072 34080768 11360256
136323072 34080768 11360256
136323072 34080768 11360256
Time: 0.059246
Time: 0.058666
136323072 34080768 11360256
136323072 34080768 11360256
136323072 34080768 11360256
136323072 34080768 11360256
136323072 34080768 11360256
136323072 34080768 11360256
136323072 34080768 11360256
136323072 34080768 11360256
136323072 34080768 11360256
136323072 34080768 11360256
136323072 34080768 11360256
136323072 34080768 11360256
136323072 34080768 11360256
136323072 34080768 11360256
136323072 34080768 11360256
136323072 34080768 11360256
136323072 34080768 11360256
136323072 34080768 11360256
136323072 34080768 11360256
136323072 34080768 11360256
Time: 0.058747
136323072 34080768 11360256
136323072 34080768 11360256
136323072 34080768 11360256
136323072 34080768 11360256
136323072 34080768 11360256
136323072 34080768 11360256
136323072 34080768 11360256
136323072 34080768 11360256
136323072 34080768 11360256
136323072 34080768 11360256
Time: 0.058467
136323072 34080768 11360256
136323072 34080768 11360256
136323072 34080768 11360256
136323072 34080768 11360256
136323072 34080768 11360256
136323072 34080768 11360256
136323072 34080768 11360256
136323072 34080768 11360256
136323072 34080768 11360256
136323072 34080768 11360256
Time: 0.060075
Time: 0.063095
136323072 34080768 11360256
136323072 34080768 11360256
136323072 34080768 11360256
136323072 34080768 11360256
136323072 34080768 11360256
136323072 34080768 11360256
136323072 34080768 11360256
136323072 34080768 11360256
136323072 34080768 11360256
136323072 34080768 11360256
136323072 34080768 11360256
136323072 34080768 11360256
136323072 34080768 11360256
136323072 34080768 11360256
136323072 34080768 11360256
136323072 34080768 11360256
136323072 34080768 11360256
136323072 34080768 11360256
136323072 34080768 11360256
136323072 34080768 11360256
12288 3072 1024
12288 3072 1024
12288 3072 1024
12288 3072 1024
12288 3072 1024
12288 3072 1024
12288 3072 1024
12288 3072 1024
12288 3072 1024
12288 3072 1024
Time: 0.000014
136323072 34080768 11360256
136323072 34080768 11360256
136323072 34080768 11360256
136323072 34080768 11360256
136323072 34080768 11360256
136323072 34080768 11360256
136323072 34080768 11360256
136323072 34080768 11360256
136323072 34080768 11360256
136323072 34080768 11360256
136323072 34080768 11360256
136323072 34080768 11360256
136323072 34080768 11360256
136323072 34080768 11360256
136323072 34080768 11360256
136323072 34080768 11360256
136323072 34080768 11360256
136323072 34080768 11360256
136323072 34080768 11360256
136323072 34080768 11360256
Time: 0.062633
Time: 0.063099
12288 3072 1024
12288 3072 1024
12288 3072 1024
12288 3072 1024
12288 3072 1024
12288 3072 1024
12288 3072 1024
12288 3072 1024
12288 3072 1024
12288 3072 1024
Time: 0.000008
Time: 0.059253
Time: 0.059234
768 192 64
768 192 64
768 192 64
768 192 64
768 192 64
768 192 64
768 192 64
768 192 64
768 192 64
768 192 64
Time: 0.000003
12288 3072 1024
12288 3072 1024
12288 3072 1024
12288 3072 1024
12288 3072 1024
12288 3072 1024
12288 3072 1024
12288 3072 1024
12288 3072 1024
12288 3072 1024
Time: 0.000008
768 192 64
768 192 64
768 192 64
768 192 64
768 192 64
768 192 64
768 192 64
768 192 64
768 192 64
768 192 64
Time: 0.000002
12288 3072 1024
12288 3072 1024
12288 3072 1024
12288 3072 1024
12288 3072 1024
12288 3072 1024
12288 3072 1024
12288 3072 1024
12288 3072 1024
12288 3072 1024
Time: 0.000018
12288 3072 1024
12288 3072 1024
12288 3072 1024
12288 3072 1024
12288 3072 1024
12288 3072 1024
12288 3072 1024
12288 3072 1024
12288 3072 1024
12288 3072 1024
Time: 0.000015
12288 3072 1024
12288 3072 1024
12288 3072 1024
12288 3072 1024
12288 3072 1024
12288 3072 1024
12288 3072 1024
12288 3072 1024
12288 3072 1024
12288 3072 1024
Time: 0.000007
67326408 16831602 5610534
67326408 16831602 5610534
67326408 16831602 5610534
67326408 16831602 5610534
67326408 16831602 5610534
67326408 16831602 5610534
67326408 16831602 5610534
67326408 16831602 5610534
67326408 16831602 5610534
67326408 16831602 5610534
12288 3072 1024
12288 3072 1024
12288 3072 1024
12288 3072 1024
12288 3072 1024
12288 3072 1024
12288 3072 1024
12288 3072 1024
12288 3072 1024
12288 3072 1024
Time: 0.000012
12288 3072 1024
12288 3072 1024
12288 3072 1024
12288 3072 1024
12288 3072 1024
12288 3072 1024
12288 3072 1024
12288 3072 1024
12288 3072 1024
12288 3072 1024
Time: 0.000027
Time: 0.027084
768 192 64
768 192 64
768 192 64
768 192 64
768 192 64
768 192 64
768 192 64
768 192 64
768 192 64
768 192 64
Time: 0.000008
12288 3072 1024
12288 3072 1024
12288 3072 1024
12288 3072 1024
12288 3072 1024
12288 3072 1024
12288 3072 1024
12288 3072 1024
12288 3072 1024
12288 3072 1024
Time: 0.000006
12288 3072 1024
12288 3072 1024
12288 3072 1024
12288 3072 1024
12288 3072 1024
12288 3072 1024
12288 3072 1024
12288 3072 1024
12288 3072 1024
12288 3072 1024
Time: 0.000017
67326408 16831602 5610534
67326408 16831602 5610534
67326408 16831602 5610534
67326408 16831602 5610534
67326408 16831602 5610534
67326408 16831602 5610534
67326408 16831602 5610534
67326408 16831602 5610534
67326408 16831602 5610534
67326408 16831602 5610534
Time: 0.027039
768 192 64
768 192 64
768 192 64
768 192 64
768 192 64
768 192 64
768 192 64
768 192 64
768 192 64
768 192 64
Time: 0.000006
768 192 64
768 192 64
768 192 64
768 192 64
768 192 64
768 192 64
768 192 64
768 192 64
768 192 64
768 192 64
Time: 0.000003
768 192 64
768 192 64
768 192 64
768 192 64
768 192 64
768 192 64
768 192 64
768 192 64
768 192 64
768 192 64
Time: 0.000003
768 192 64
768 192 64
768 192 64
768 192 64
768 192 64
768 192 64
768 192 64
768 192 64
768 192 64
768 192 64
768 192 64
768 192 64
768 192 64
768 192 64
768 192 64
768 192 64
768 192 64
768 192 64
768 192 64
768 192 64
Time: 0.000002
Time: 0.000004
67326408 16831602 5610534
67326408 16831602 5610534
67326408 16831602 5610534
67326408 16831602 5610534
67326408 16831602 5610534
67326408 16831602 5610534
67326408 16831602 5610534
67326408 16831602 5610534
67326408 16831602 5610534
67326408 16831602 5610534
Time: 0.027478
768 192 64
768 192 64
768 192 64
768 192 64
768 192 64
768 192 64
768 192 64
768 192 64
768 192 64
768 192 64
Time: 0.000004
768 192 64
768 192 64
768 192 64
768 192 64
768 192 64
768 192 64
768 192 64
768 192 64
768 192 64
768 192 64
Time: 0.000002
47853540 11963385 3987795
47853540 11963385 3987795
47853540 11963385 3987795
47853540 11963385 3987795
47853540 11963385 3987795
47853540 11963385 3987795
47853540 11963385 3987795
47853540 11963385 3987795
47853540 11963385 3987795
47853540 11963385 3987795
Time: 0.020077
67326408 16831602 5610534
67326408 16831602 5610534
67326408 16831602 5610534
67326408 16831602 5610534
67326408 16831602 5610534
67326408 16831602 5610534
67326408 16831602 5610534
67326408 16831602 5610534
67326408 16831602 5610534
67326408 16831602 5610534
67326408 16831602 5610534
67326408 16831602 5610534
67326408 16831602 5610534
67326408 16831602 5610534
67326408 16831602 5610534
67326408 16831602 5610534
67326408 16831602 5610534
67326408 16831602 5610534
67326408 16831602 5610534
67326408 16831602 5610534
Time: 0.027279
Time: 0.027067
47853540 11963385 3987795
47853540 11963385 3987795
67326408 16831602 5610534
67326408 16831602 5610534
67326408 16831602 5610534
67326408 16831602 5610534
67326408 16831602 5610534
47853540 11963385 3987795
47853540 11963385 3987795
47853540 11963385 3987795
47853540 11963385 3987795
67326408 16831602 5610534
67326408 16831602 5610534
67326408 16831602 5610534
47853540 11963385 3987795
47853540 11963385 3987795
47853540 11963385 3987795
47853540 11963385 3987795
67326408 16831602 5610534
67326408 16831602 5610534
Time: 0.020138
Time: 0.027214
67326408 16831602 5610534
67326408 16831602 5610534
67326408 16831602 5610534
67326408 16831602 5610534
67326408 16831602 5610534
67326408 16831602 5610534
67326408 16831602 5610534
67326408 16831602 5610534
67326408 16831602 5610534
67326408 16831602 5610534
67326408 16831602 5610534
67326408 16831602 5610534
67326408 16831602 5610534
67326408 16831602 5610534
67326408 16831602 5610534
67326408 16831602 5610534
67326408 16831602 5610534
67326408 16831602 5610534
67326408 16831602 5610534
67326408 16831602 5610534
Time: 0.027231
Time: 0.027314
67326408 16831602 5610534
67326408 16831602 5610534
67326408 16831602 5610534
67326408 16831602 5610534
67326408 16831602 5610534
67326408 16831602 5610534
67326408 16831602 5610534
67326408 16831602 5610534
67326408 16831602 5610534
67326408 16831602 5610534
67326408 16831602 5610534
67326408 16831602 5610534
67326408 16831602 5610534
67326408 16831602 5610534
67326408 16831602 5610534
67326408 16831602 5610534
67326408 16831602 5610534
67326408 16831602 5610534
67326408 16831602 5610534
67326408 16831602 5610534
Time: 0.027320
47853540 11963385 3987795
47853540 11963385 3987795
47853540 11963385 3987795
47853540 11963385 3987795
47853540 11963385 3987795
47853540 11963385 3987795
47853540 11963385 3987795
47853540 11963385 3987795
47853540 11963385 3987795
47853540 11963385 3987795
Time: 0.027232
Time: 0.020413
47853540 11963385 3987795
47853540 11963385 3987795
47853540 11963385 3987795
47853540 11963385 3987795
47853540 11963385 3987795
47853540 11963385 3987795
47853540 11963385 3987795
47853540 11963385 3987795
47853540 11963385 3987795
47853540 11963385 3987795
Time: 0.020492
47853540 11963385 3987795
47853540 11963385 3987795
47853540 11963385 3987795
47853540 11963385 3987795
47853540 11963385 3987795
47853540 11963385 3987795
47853540 11963385 3987795
47853540 11963385 3987795
47853540 11963385 3987795
47853540 11963385 3987795
Time: 0.019964
47853540 11963385 3987795
47853540 11963385 3987795
47853540 11963385 3987795
47853540 11963385 3987795
47853540 11963385 3987795
47853540 11963385 3987795
47853540 11963385 3987795
47853540 11963385 3987795
47853540 11963385 3987795
47853540 11963385 3987795
Time: 0.020336
47853540 11963385 3987795
47853540 11963385 3987795
47853540 11963385 3987795
47853540 11963385 3987795
47853540 11963385 3987795
47853540 11963385 3987795
47853540 11963385 3987795
47853540 11963385 3987795
47853540 11963385 3987795
47853540 11963385 3987795
47853540 11963385 3987795
47853540 11963385 3987795
47853540 11963385 3987795
47853540 11963385 3987795
47853540 11963385 3987795
47853540 11963385 3987795
47853540 11963385 3987795
47853540 11963385 3987795
47853540 11963385 3987795
47853540 11963385 3987795
Time: 0.020133
Time: 0.020167
47853540 11963385 3987795
47853540 11963385 3987795
47853540 11963385 3987795
47853540 11963385 3987795
47853540 11963385 3987795
47853540 11963385 3987795
47853540 11963385 3987795
47853540 11963385 3987795
47853540 11963385 3987795
47853540 11963385 3987795
Time: 0.020006
47853540 11963385 3987795
47853540 11963385 3987795
47853540 11963385 3987795
47853540 11963385 3987795
47853540 11963385 3987795
47853540 11963385 3987795
47853540 11963385 3987795
47853540 11963385 3987795
47853540 11963385 3987795
47853540 11963385 3987795
Time: 0.019967
